5.195259571075439453e+00
1.477964282035827637e+00
1.317330479621887207e+00
9.182261228561401367e-01
1.272444486618041992e+00
1.374206781387329102e+00
1.185414552688598633e+00
8.914198875427246094e-01
1.287445187568664551e+00
9.285333156585693359e-01
1.144046902656555176e+00
1.251078844070434570e+00
1.056733489036560059e+00
1.003366589546203613e+00
1.125017523765563965e+00
9.693112969398498535e-01
2.286704063415527344e+00
1.164548873901367188e+00
1.105959415435791016e+00
1.037837147712707520e+00
9.552713036537170410e-01
9.729459285736083984e-01
1.166013121604919434e+00
1.443326711654663086e+00
1.372774362564086914e+00
9.874100685119628906e-01
1.732218146324157715e+00
1.225893855094909668e+00
1.033807754516601562e+00
1.506209135055541992e+00
1.335096836090087891e+00
1.116998314857482910e+00
1.350809216499328613e+00
9.430257081985473633e-01
1.332231760025024414e+00
1.125862002372741699e+00
1.440809607505798340e+00
1.109238624572753906e+00
1.160265684127807617e+00
1.218306779861450195e+00
1.069073677062988281e+00
1.385290026664733887e+00
1.547068476676940918e+00
1.452096581459045410e+00
1.265319347381591797e+00
1.202801465988159180e+00
1.284804821014404297e+00
9.885948300361633301e-01
1.038112163543701172e+00
1.022505044937133789e+00
1.536135196685791016e+00
1.486795902252197266e+00
1.295335769653320312e+00
8.926619887351989746e-01
1.310967683792114258e+00
1.165491700172424316e+00
9.411508440971374512e-01
1.066814303398132324e+00
1.158296942710876465e+00
1.107405185699462891e+00
1.067985534667968750e+00
1.144377350807189941e+00
1.037183880805969238e+00
1.196601629257202148e+00
1.081476569175720215e+00
1.235312342643737793e+00
1.082526087760925293e+00
1.629670381546020508e+00
1.138131618499755859e+00
9.620069861412048340e-01
9.713292717933654785e-01
1.150429010391235352e+00
9.904584884643554688e-01
1.297607064247131348e+00
1.244867801666259766e+00
1.178667902946472168e+00
1.245177626609802246e+00
1.187981128692626953e+00
9.819478392601013184e-01
1.111992716789245605e+00
1.181744456291198730e+00
1.085646033287048340e+00
1.138675451278686523e+00
1.154804944992065430e+00
1.162331581115722656e+00
1.300470471382141113e+00
1.560001730918884277e+00
1.044360995292663574e+00
1.221691250801086426e+00
1.553312778472900391e+00
1.116804122924804688e+00
2.347137689590454102e+00
1.065046548843383789e+00
1.172928214073181152e+00
9.808603525161743164e-01
1.879108548164367676e+00
1.532623648643493652e+00
1.103271245956420898e+00
1.055390834808349609e+00
1.123581528663635254e+00
1.239155888557434082e+00
1.031024336814880371e+00
1.055365324020385742e+00
9.639085531234741211e-01
9.387345314025878906e-01
9.175029397010803223e-01
9.132070541381835938e-01
1.104770064353942871e+00
9.742207527160644531e-01
9.237827658653259277e-01
1.076898336410522461e+00
1.022072672843933105e+00
1.190887570381164551e+00
1.354461431503295898e+00
1.093098759651184082e+00
1.087283611297607422e+00
1.291085720062255859e+00
1.057727575302124023e+00
1.061408042907714844e+00
1.054395198822021484e+00
8.736719489097595215e-01
9.970743060111999512e-01
1.166018962860107422e+00
1.001838684082031250e+00
8.578462004661560059e-01
9.929242134094238281e-01
9.680999517440795898e-01
1.260235309600830078e+00
1.079265236854553223e+00
1.055444359779357910e+00
9.778499007225036621e-01
1.185898780822753906e+00
1.338431835174560547e+00
1.121401071548461914e+00
1.582480907440185547e+00
1.134622097015380859e+00
1.123156070709228516e+00
1.197318077087402344e+00
1.103234767913818359e+00
8.572894334793090820e-01
8.644735217094421387e-01
8.449422717094421387e-01
8.810393810272216797e-01
9.215574264526367188e-01
1.075684666633605957e+00
1.050648093223571777e+00
9.399163722991943359e-01
9.137111902236938477e-01
1.185995459556579590e+00
9.052017331123352051e-01
1.029890537261962891e+00
1.128313302993774414e+00
8.592930436134338379e-01
1.337748646736145020e+00
1.031476855278015137e+00
9.037103652954101562e-01
9.870067834854125977e-01
8.575982451438903809e-01
9.119417667388916016e-01
7.256023287773132324e-01
1.003816723823547363e+00
8.283181786537170410e-01
1.067546844482421875e+00
9.275573492050170898e-01
8.368222117424011230e-01
9.652237296104431152e-01
9.166091084480285645e-01
8.735700845718383789e-01
9.155696034431457520e-01
9.031231999397277832e-01
1.128338932991027832e+00
1.006478428840637207e+00
1.023919224739074707e+00
9.508689641952514648e-01
7.363094687461853027e-01
7.045543193817138672e-01
8.586858510971069336e-01
7.340648174285888672e-01
9.185962677001953125e-01
8.665180802345275879e-01
9.255108833312988281e-01
7.088937759399414062e-01
6.745476722717285156e-01
9.063232541084289551e-01
7.000149488449096680e-01
9.028754830360412598e-01
7.931006550788879395e-01
8.323772549629211426e-01
8.497200012207031250e-01
7.545720934867858887e-01
6.322412490844726562e-01
8.249431252479553223e-01
6.216346621513366699e-01
6.917570829391479492e-01
6.816979050636291504e-01
5.930982828140258789e-01
6.412939429283142090e-01
7.406176924705505371e-01
6.221416592597961426e-01
6.654484272003173828e-01
7.205585241317749023e-01
7.404687404632568359e-01
6.438385844230651855e-01
6.606819629669189453e-01
7.883391976356506348e-01
6.766040921211242676e-01
8.000632524490356445e-01
7.159045338630676270e-01
1.077220320701599121e+00
7.798431515693664551e-01
7.089874744415283203e-01
9.328399300575256348e-01
7.643475532531738281e-01
7.127256393432617188e-01
7.184877395629882812e-01
8.032254576683044434e-01
7.640942335128784180e-01
8.424631357192993164e-01
7.454211711883544922e-01
6.957992315292358398e-01
7.377529740333557129e-01
6.243580579757690430e-01
6.172280311584472656e-01
6.091768741607666016e-01
7.101569771766662598e-01
6.939895749092102051e-01
9.034101963043212891e-01
7.410410642623901367e-01
6.251854896545410156e-01
6.747239232063293457e-01
8.216335177421569824e-01
7.877631783485412598e-01
7.646730542182922363e-01
7.647446393966674805e-01
8.054739236831665039e-01
7.565957307815551758e-01
6.479659676551818848e-01
8.828048110008239746e-01
6.283679604530334473e-01
8.052396178245544434e-01
5.740187168121337891e-01
6.443246603012084961e-01
7.605919241905212402e-01
8.106893897056579590e-01
8.832234740257263184e-01
6.971210241317749023e-01
6.930927038192749023e-01
6.825695633888244629e-01
8.842868208885192871e-01
7.142497897148132324e-01
8.168529868125915527e-01
7.818599939346313477e-01
6.779648661613464355e-01
5.772054791450500488e-01
5.391814708709716797e-01
7.127891778945922852e-01
5.706736445426940918e-01
5.924376845359802246e-01
8.496142625808715820e-01
7.285068631172180176e-01
6.708546280860900879e-01
8.920140862464904785e-01
7.464823722839355469e-01
6.226145029067993164e-01
8.574436306953430176e-01
8.419904112815856934e-01
7.473587989807128906e-01
6.145072579383850098e-01
6.844856142997741699e-01
8.690019249916076660e-01
6.232215762138366699e-01
6.280187368392944336e-01
7.261762022972106934e-01
7.576379776000976562e-01
6.540259122848510742e-01
5.762307643890380859e-01
6.386433243751525879e-01
6.960369944572448730e-01
6.051184535026550293e-01
5.939723849296569824e-01
5.322235226631164551e-01
6.882123947143554688e-01
6.449987292289733887e-01
5.854432582855224609e-01
6.062751412391662598e-01
5.901201367378234863e-01
6.490744352340698242e-01
7.297313809394836426e-01
6.044189333915710449e-01
6.470155119895935059e-01
7.460346221923828125e-01
7.043525576591491699e-01
7.236560583114624023e-01
6.100652813911437988e-01
7.290449142456054688e-01
6.721482276916503906e-01
7.744972705841064453e-01
5.589110255241394043e-01
5.325946211814880371e-01
7.034672498703002930e-01
5.627706050872802734e-01
6.930387020111083984e-01
6.329783797264099121e-01
5.498717427253723145e-01
5.231659412384033203e-01
5.322604179382324219e-01
5.699574947357177734e-01
5.221120119094848633e-01
5.473443865776062012e-01
5.676611661911010742e-01
5.713312029838562012e-01
6.177516579627990723e-01
5.645354986190795898e-01
5.750178098678588867e-01
6.325643062591552734e-01
6.038151979446411133e-01
5.659635663032531738e-01
5.592223405838012695e-01
5.777007341384887695e-01
6.051080226898193359e-01
5.564382672309875488e-01
5.572056174278259277e-01
5.526375174522399902e-01
5.706009864807128906e-01
5.301374793052673340e-01
5.551032423973083496e-01
5.397303104400634766e-01
5.298882722854614258e-01
5.321373939514160156e-01
5.598993301391601562e-01
5.543671250343322754e-01
6.364168524742126465e-01
5.184914469718933105e-01
5.261628627777099609e-01
5.532132983207702637e-01
5.236278176307678223e-01
5.039272308349609375e-01
5.725046396255493164e-01
5.368827581405639648e-01
5.318465828895568848e-01
4.972007572650909424e-01
5.517206788063049316e-01
5.476130843162536621e-01
5.744412541389465332e-01
1.187344789505004883e+00
5.736866593360900879e-01
5.723882317543029785e-01
5.239884257316589355e-01
5.543958544731140137e-01
5.773003101348876953e-01
5.411010384559631348e-01
5.274025797843933105e-01
5.453953742980957031e-01
6.239199638366699219e-01
4.985279738903045654e-01
5.132647156715393066e-01
5.397682785987854004e-01
5.680906176567077637e-01
5.349543690681457520e-01
5.297512412071228027e-01
8.842558264732360840e-01
6.257387995719909668e-01
5.871331691741943359e-01
6.252923011779785156e-01
5.436876416206359863e-01
5.422252416610717773e-01
5.905445218086242676e-01
5.408954620361328125e-01
5.202286839485168457e-01
5.409784913063049316e-01
5.421909689903259277e-01
5.307852625846862793e-01
5.372707843780517578e-01
5.403794646263122559e-01
4.920881986618041992e-01
5.126204490661621094e-01
5.394421219825744629e-01
5.287817716598510742e-01
5.393354892730712891e-01
5.359962582588195801e-01
5.119311213493347168e-01
5.076226592063903809e-01
5.078898072242736816e-01
5.602378249168395996e-01
5.596690177917480469e-01
4.884960651397705078e-01
5.133849978446960449e-01
5.303359627723693848e-01
5.204761624336242676e-01
4.991162419319152832e-01
5.157006978988647461e-01
4.920938611030578613e-01
4.961020350456237793e-01
4.876867830753326416e-01
5.238077044486999512e-01
4.971030354499816895e-01
5.015774369239807129e-01
5.294367671012878418e-01
5.235502123832702637e-01
5.203309655189514160e-01
8.371344208717346191e-01
1.030051827430725098e+00
9.407397508621215820e-01
1.405341744422912598e+00
8.948239684104919434e-01
9.655861854553222656e-01
1.019778609275817871e+00
8.033415079116821289e-01
1.001360058784484863e+00
9.172474145889282227e-01
1.328772544860839844e+00
8.059939146041870117e-01
7.822284102439880371e-01
7.892651557922363281e-01
6.915044188499450684e-01
7.073593139648437500e-01
7.659108638763427734e-01
7.145832180976867676e-01
5.965437889099121094e-01
6.700057387351989746e-01
6.735264658927917480e-01
6.472325921058654785e-01
5.631681084632873535e-01
5.655960440635681152e-01
6.168901920318603516e-01
5.963706374168395996e-01
6.383397579193115234e-01
6.126848459243774414e-01
5.977538824081420898e-01
6.658411026000976562e-01
5.390381217002868652e-01
6.009466648101806641e-01
5.619280338287353516e-01
6.201329827308654785e-01
6.601098775863647461e-01
6.006471514701843262e-01
5.734306573867797852e-01
5.604114532470703125e-01
6.146070957183837891e-01
5.789332985877990723e-01
6.175813078880310059e-01
5.555312037467956543e-01
6.700680255889892578e-01
6.228322982788085938e-01
7.809482812881469727e-01
5.858473181724548340e-01
5.942913293838500977e-01
6.317663788795471191e-01
6.128810644149780273e-01
5.784957408905029297e-01
6.300958395004272461e-01
5.580021739006042480e-01
5.709796547889709473e-01
6.799430847167968750e-01
5.940431952476501465e-01
6.049905419349670410e-01
6.296179890632629395e-01
6.353821158409118652e-01
6.129454970359802246e-01
5.611645579338073730e-01
5.873590707778930664e-01
6.943032741546630859e-01
5.935080647468566895e-01
5.831009149551391602e-01
5.908013582229614258e-01
5.536200404167175293e-01
5.765719413757324219e-01
1.349085330963134766e+00
6.095938682556152344e-01
6.116105318069458008e-01
5.349860191345214844e-01
7.207754850387573242e-01
5.659368634223937988e-01
6.616567373275756836e-01
6.301156878471374512e-01
5.340110063552856445e-01
6.097060441970825195e-01
5.546739697456359863e-01
5.468939542770385742e-01
5.066662430763244629e-01
6.367977857589721680e-01
5.390400886535644531e-01
5.848647356033325195e-01
1.044970035552978516e+00
5.617397427558898926e-01
6.247006058692932129e-01
5.686014890670776367e-01
9.965274930000305176e-01
5.319508314132690430e-01
6.479940414428710938e-01
6.417273879051208496e-01
6.247690320014953613e-01
5.382564067840576172e-01
5.662381649017333984e-01
5.204110145568847656e-01
5.517339706420898438e-01
5.360144972801208496e-01
6.162244081497192383e-01
5.254839658737182617e-01
5.868713259696960449e-01
6.155239343643188477e-01
5.431494116783142090e-01
5.491290688514709473e-01
5.129526257514953613e-01
5.350019335746765137e-01
5.049884915351867676e-01
5.927271246910095215e-01
5.256856679916381836e-01
5.412038564682006836e-01
5.125551223754882812e-01
5.325214862823486328e-01
5.377603173255920410e-01
6.291362047195434570e-01
5.530668497085571289e-01
5.577172636985778809e-01
5.540803074836730957e-01
5.580537319183349609e-01
5.456777811050415039e-01
5.257349014282226562e-01
5.371059775352478027e-01
5.364170670509338379e-01
4.981796443462371826e-01
5.685578584671020508e-01
5.159132480621337891e-01
5.259488224983215332e-01
6.740081906318664551e-01
5.401923060417175293e-01
5.362656116485595703e-01
5.535485148429870605e-01
5.595054030418395996e-01
5.328456759452819824e-01
5.998677015304565430e-01
6.954367756843566895e-01
5.556675791740417480e-01
5.390714406967163086e-01
5.728135704994201660e-01
5.311428308486938477e-01
5.292544960975646973e-01
5.291929244995117188e-01
5.059388279914855957e-01
5.436209440231323242e-01
5.075020194053649902e-01
6.291950941085815430e-01
5.039012432098388672e-01
5.044654011726379395e-01
6.253758072853088379e-01
5.529447197914123535e-01
5.546690225601196289e-01
5.591290593147277832e-01
5.769786834716796875e-01
7.157580256462097168e-01
5.985121130943298340e-01
5.130231976509094238e-01
4.795029759407043457e-01
4.881341755390167236e-01
4.878943264484405518e-01
5.388795733451843262e-01
5.106787681579589844e-01
4.952406883239746094e-01
5.095450282096862793e-01
5.072328448295593262e-01
5.298957228660583496e-01
4.908439218997955322e-01
4.848720133304595947e-01
5.092718601226806641e-01
5.061182379722595215e-01
4.847806692123413086e-01
5.168729424476623535e-01
4.898762702941894531e-01
4.866950213909149170e-01
5.384361147880554199e-01
5.078311562538146973e-01
5.285803675651550293e-01
4.818642139434814453e-01
4.825547039508819580e-01
5.356688499450683594e-01
5.211358070373535156e-01
5.510438084602355957e-01
4.863238334655761719e-01
5.607329010963439941e-01
5.508467555046081543e-01
4.747563600540161133e-01
5.037087202072143555e-01
5.419401526451110840e-01
5.087670683860778809e-01
4.914430081844329834e-01
6.084696054458618164e-01
5.310932397842407227e-01
5.213618278503417969e-01
7.219492793083190918e-01
4.822861254215240479e-01
4.880484640598297119e-01
5.492419004440307617e-01
1.224351167678833008e+00
5.983136892318725586e-01
5.345194339752197266e-01
4.488480985164642334e-01
5.019515752792358398e-01
4.708632826805114746e-01
4.776593446731567383e-01
5.084778070449829102e-01
5.538799166679382324e-01
5.095173120498657227e-01
5.913973450660705566e-01
5.544527769088745117e-01
5.733432173728942871e-01
7.553901076316833496e-01
5.697053670883178711e-01
5.382983684539794922e-01
5.834711790084838867e-01
4.339594841003417969e-01
3.598240017890930176e-01
4.285860955715179443e-01
4.439978003501892090e-01
3.846414089202880859e-01
3.703604340553283691e-01
5.120694637298583984e-01
5.392551422119140625e-01
4.728682935237884521e-01
4.412779510021209717e-01
4.939258098602294922e-01
3.707223832607269287e-01
3.635505139827728271e-01
4.759736955165863037e-01
4.597998559474945068e-01
4.612261354923248291e-01
3.641295135021209717e-01
5.010201334953308105e-01
3.685569763183593750e-01
4.128060042858123779e-01
3.594729304313659668e-01
3.610781431198120117e-01
3.736717402935028076e-01
5.105773806571960449e-01
3.422673642635345459e-01
4.462204575538635254e-01
3.544493913650512695e-01
4.021722674369812012e-01
4.012814164161682129e-01
3.592617809772491455e-01
3.733675181865692139e-01
4.188411831855773926e-01
4.518986642360687256e-01
3.649147152900695801e-01
3.180609047412872314e-01
4.050241410732269287e-01
3.658350706100463867e-01
4.184711575508117676e-01
4.372907876968383789e-01
4.103681445121765137e-01
4.359008371829986572e-01
3.935534060001373291e-01
3.116649985313415527e-01
4.450040161609649658e-01
4.396129250526428223e-01
4.214733839035034180e-01
4.123113751411437988e-01
3.415424525737762451e-01
3.893915712833404541e-01
4.513738453388214111e-01
4.056813418865203857e-01
2.886537611484527588e-01
3.439578413963317871e-01
4.005207121372222900e-01
3.984961807727813721e-01
4.104265570640563965e-01
3.577296733856201172e-01
3.734596967697143555e-01
4.873597025871276855e-01
4.003430604934692383e-01
4.296942651271820068e-01
4.488887488842010498e-01
3.741824030876159668e-01
4.217253923416137695e-01
4.607705473899841309e-01
5.600473284721374512e-01
3.878974914550781250e-01
3.711650669574737549e-01
4.824302792549133301e-01
4.237148165702819824e-01
4.236749410629272461e-01
4.250385761260986328e-01
4.426647722721099854e-01
4.198627173900604248e-01
3.375003039836883545e-01
5.364711880683898926e-01
4.986236989498138428e-01
4.094493985176086426e-01
3.234786987304687500e-01
3.002086877822875977e-01
4.092647135257720947e-01
3.945069909095764160e-01
3.991696834564208984e-01
3.982609510421752930e-01
3.613290190696716309e-01
4.428776204586029053e-01
4.475867450237274170e-01
4.331184327602386475e-01
3.331562876701354980e-01
2.903949916362762451e-01
4.803817570209503174e-01
3.857361078262329102e-01
4.157552719116210938e-01
4.278281629085540771e-01
3.527458906173706055e-01
3.673796355724334717e-01
3.892098069190979004e-01
3.577528297901153564e-01
3.240993320941925049e-01
3.723010420799255371e-01
3.179194927215576172e-01
4.549388587474822998e-01
3.839541077613830566e-01
4.360957443714141846e-01
3.524269163608551025e-01
3.085066974163055420e-01
4.043184220790863037e-01
3.701029419898986816e-01
4.519264400005340576e-01
3.743370473384857178e-01
3.507212996482849121e-01
3.561936020851135254e-01
4.093217253684997559e-01
4.332196414470672607e-01
4.017116427421569824e-01
3.692508339881896973e-01
3.930465579032897949e-01
3.269551694393157959e-01
4.118959903717041016e-01
8.300904035568237305e-01
4.468230903148651123e-01
4.434068500995635986e-01
4.697842299938201904e-01
4.144379496574401855e-01
3.317669332027435303e-01
3.100931048393249512e-01
3.140031993389129639e-01
3.724485635757446289e-01
3.529622256755828857e-01
3.826757371425628662e-01
3.992997407913208008e-01
3.626042604446411133e-01
4.783241748809814453e-01
3.500570356845855713e-01
3.417788743972778320e-01
3.951953053474426270e-01
3.144069015979766846e-01
3.616152405738830566e-01
3.651411831378936768e-01
5.062286853790283203e-01
4.230573475360870361e-01
3.817225396633148193e-01
3.182525038719177246e-01
2.877361774444580078e-01
3.947469592094421387e-01
3.681383132934570312e-01
2.975261509418487549e-01
3.014242947101593018e-01
3.223458230495452881e-01
3.904150724411010742e-01
2.986710071563720703e-01
2.976947128772735596e-01
3.028991818428039551e-01
2.994200885295867920e-01
3.589037954807281494e-01
3.937807381153106689e-01
4.003085494041442871e-01
3.097892999649047852e-01
4.463909566402435303e-01
3.897588849067687988e-01
2.745635807514190674e-01
3.188936114311218262e-01
3.550665378570556641e-01
3.397924602031707764e-01
3.219750225543975830e-01
2.886061966419219971e-01
3.443438410758972168e-01
3.129421770572662354e-01
3.271247148513793945e-01
2.578695118427276611e-01
4.120287299156188965e-01
4.070914089679718018e-01
3.553697168827056885e-01
4.606732428073883057e-01
3.640185892581939697e-01
4.920980930328369141e-01
4.107744693756103516e-01
3.625900745391845703e-01
3.651791512966156006e-01
3.409734964370727539e-01
3.486670255661010742e-01
3.524456620216369629e-01
3.394713401794433594e-01
3.704324960708618164e-01
3.306358158588409424e-01
3.849102556705474854e-01
2.975509464740753174e-01
3.233735859394073486e-01
3.007720112800598145e-01
2.605046033859252930e-01
3.133447468280792236e-01
3.758624196052551270e-01
3.700391650199890137e-01
3.262109458446502686e-01
4.880120158195495605e-01
5.431146621704101562e-01
3.818222284317016602e-01
2.555244565010070801e-01
3.654097020626068115e-01
3.699257671833038330e-01
3.073321282863616943e-01
2.490275651216506958e-01
3.435121476650238037e-01
3.803076446056365967e-01
3.404014408588409424e-01
4.351181387901306152e-01
3.784476816654205322e-01
4.075132906436920166e-01
2.965585589408874512e-01
3.350278139114379883e-01
3.131966888904571533e-01
3.597940802574157715e-01
2.909347116947174072e-01
3.552435636520385742e-01
4.286515414714813232e-01
3.272324204444885254e-01
3.303152322769165039e-01
3.828855752944946289e-01
4.367361664772033691e-01
3.357493281364440918e-01
3.592287600040435791e-01
2.687211036682128906e-01
3.428789377212524414e-01
2.839108705520629883e-01
3.178542256355285645e-01
2.995563745498657227e-01
2.486696094274520874e-01
2.995169460773468018e-01
3.668908178806304932e-01
3.591048419475555420e-01
3.061805665493011475e-01
3.105573952198028564e-01
2.810499668121337891e-01
4.396957755088806152e-01
3.638083338737487793e-01
3.523173928260803223e-01
4.408918321132659912e-01
3.128375411033630371e-01
3.891045749187469482e-01
3.689135313034057617e-01
3.486979901790618896e-01
2.717139422893524170e-01
2.521297335624694824e-01
3.076820671558380127e-01
3.732232451438903809e-01
3.397120833396911621e-01
3.947842717170715332e-01
2.934525012969970703e-01
2.911821603775024414e-01
2.620838582515716553e-01
2.618587613105773926e-01
2.657759189605712891e-01
3.913231492042541504e-01
2.310937494039535522e-01
2.605939805507659912e-01
2.344983220100402832e-01
3.775438368320465088e-01
2.698853611946105957e-01
2.854526340961456299e-01
2.762846648693084717e-01
2.920152246952056885e-01
2.933967709541320801e-01
2.909984588623046875e-01
2.799933850765228271e-01
2.831491827964782715e-01
2.967182993888854980e-01
3.352770507335662842e-01
3.107254803180694580e-01
3.461358845233917236e-01
2.753140628337860107e-01
2.494010031223297119e-01
3.231660127639770508e-01
2.685599327087402344e-01
3.489389121532440186e-01
3.468664586544036865e-01
3.097830712795257568e-01
3.158074915409088135e-01
3.017477393150329590e-01
3.011803925037384033e-01
3.068236410617828369e-01
2.947852611541748047e-01
2.611284255981445312e-01
3.175257146358489990e-01
2.914430499076843262e-01
2.657670378684997559e-01
2.697713673114776611e-01
2.996493875980377197e-01
2.965900301933288574e-01
3.108357191085815430e-01
3.099311590194702148e-01
2.571415305137634277e-01
2.444047778844833374e-01
2.726822197437286377e-01
2.085612416267395020e-01
2.025225311517715454e-01
2.434136271476745605e-01
1.990743279457092285e-01
2.353519499301910400e-01
2.135199755430221558e-01
2.595393359661102295e-01
2.563640177249908447e-01
2.723836302757263184e-01
2.085370272397994995e-01
2.692650854587554932e-01
2.132779210805892944e-01
1.917554587125778198e-01
9.999044537544250488e-01
3.271595537662506104e-01
3.489920198917388916e-01
3.827982544898986816e-01
3.636409938335418701e-01
3.318946063518524170e-01
3.964199423789978027e-01
3.661650717258453369e-01
3.265744149684906006e-01
2.884171605110168457e-01
3.104730844497680664e-01
3.059587180614471436e-01
3.024436235427856445e-01
3.122487664222717285e-01
2.993344962596893311e-01
3.232195377349853516e-01
2.002856135368347168e-01
3.054023385047912598e-01
3.343171775341033936e-01
2.420385330915451050e-01
3.032358884811401367e-01
2.876977622509002686e-01
3.118909597396850586e-01
2.636308670043945312e-01
4.185983538627624512e-01
3.084787726402282715e-01
3.452692031860351562e-01
2.774296402931213379e-01
3.632009923458099365e-01
2.562945485115051270e-01
2.789482474327087402e-01
3.263453245162963867e-01
2.888652682304382324e-01
2.983118295669555664e-01
2.849817574024200439e-01
3.082059621810913086e-01
3.481254875659942627e-01
2.805450558662414551e-01
3.460553884506225586e-01
3.213287293910980225e-01
2.794913947582244873e-01
3.152576982975006104e-01
2.497577965259552002e-01
2.219531983137130737e-01
2.845360636711120605e-01
3.287639319896697998e-01
3.095552027225494385e-01
2.554534971714019775e-01
2.919638156890869141e-01
2.830701768398284912e-01
2.863284945487976074e-01
2.877810597419738770e-01
2.748151719570159912e-01
2.254179865121841431e-01
2.988708615303039551e-01
1.927035152912139893e-01
2.367869019508361816e-01
2.106111645698547363e-01
3.147663176059722900e-01
2.439312040805816650e-01
2.772495448589324951e-01
2.767944931983947754e-01
3.119816780090332031e-01
2.887573540210723877e-01
2.231206744909286499e-01
2.337293773889541626e-01
2.666228413581848145e-01
2.512435317039489746e-01
2.870166301727294922e-01
2.852797210216522217e-01
2.690188586711883545e-01
2.166946679353713989e-01
2.496465742588043213e-01
2.904446125030517578e-01
2.926556766033172607e-01
3.132826089859008789e-01
2.927232384681701660e-01
2.498186677694320679e-01
3.874738216400146484e-01
2.861561477184295654e-01
3.584138154983520508e-01
2.766235768795013428e-01
2.467780262231826782e-01
3.194795846939086914e-01
2.338041216135025024e-01
3.049763739109039307e-01
2.903330624103546143e-01
2.139115780591964722e-01
2.746638953685760498e-01
2.683477699756622314e-01
2.769435942173004150e-01
2.673326432704925537e-01
2.526875436305999756e-01
1.902837902307510376e-01
2.528908848762512207e-01
2.573140263557434082e-01
3.016893565654754639e-01
2.592439055442810059e-01
2.686491310596466064e-01
2.885108888149261475e-01
2.670089602470397949e-01
1.990683525800704956e-01
2.808477580547332764e-01
1.719724535942077637e-01
2.457070797681808472e-01
3.025572896003723145e-01
1.776828318834304810e-01
2.722625434398651123e-01
2.316229194402694702e-01
2.331933677196502686e-01
2.578918337821960449e-01
2.824189960956573486e-01
1.785822063684463501e-01
3.425126671791076660e-01
2.124951779842376709e-01
2.751057446002960205e-01
2.395591586828231812e-01
2.817660868167877197e-01
5.640464425086975098e-01
2.792167663574218750e-01
2.572750747203826904e-01
2.813384532928466797e-01
2.372666150331497192e-01
2.250735312700271606e-01
3.429283201694488525e-01
2.139246463775634766e-01
2.918816506862640381e-01
2.158041745424270630e-01
2.387902438640594482e-01
2.653618454933166504e-01
3.288808465003967285e-01
2.507881820201873779e-01
2.320877462625503540e-01
2.707109153270721436e-01
2.444409430027008057e-01
2.762775421142578125e-01
2.416281104087829590e-01
2.769543826580047607e-01
2.299501150846481323e-01
2.495435476303100586e-01
2.426937669515609741e-01
2.406128048896789551e-01
3.662454485893249512e-01
2.874125242233276367e-01
2.161116749048233032e-01
2.869826257228851318e-01
2.694875001907348633e-01
2.535608112812042236e-01
1.910746246576309204e-01
2.565576136112213135e-01
3.432438671588897705e-01
2.958116531372070312e-01
2.566832304000854492e-01
2.825301885604858398e-01
1.980427354574203491e-01
2.807482481002807617e-01
2.566683888435363770e-01
2.140240967273712158e-01
2.593042254447937012e-01
2.703612446784973145e-01
2.517294287681579590e-01
2.027313709259033203e-01
2.333556413650512695e-01
2.193364500999450684e-01
2.508776783943176270e-01
2.388028204441070557e-01
2.391755729913711548e-01
2.054381966590881348e-01
2.574095726013183594e-01
2.559787333011627197e-01
2.860431075096130371e-01
2.324530184268951416e-01
2.839183211326599121e-01
2.600908875465393066e-01
2.551639378070831299e-01
3.529816567897796631e-01
2.922737300395965576e-01
2.698056697845458984e-01
2.511731684207916260e-01
2.240659743547439575e-01
2.627586424350738525e-01
2.449091374874114990e-01
2.442867457866668701e-01
2.055241316556930542e-01
3.048604130744934082e-01
2.552115917205810547e-01
2.370989918708801270e-01
2.357068955898284912e-01
2.412571460008621216e-01
2.255685776472091675e-01
2.650013864040374756e-01
2.251473069190979004e-01
2.667576074600219727e-01
2.096622437238693237e-01
2.369316667318344116e-01
1.847750693559646606e-01
2.358383536338806152e-01
2.784372568130493164e-01
2.955127358436584473e-01
3.350327610969543457e-01
2.482683211565017700e-01
1.761592477560043335e-01
2.229024916887283325e-01
2.415667176246643066e-01
2.526938617229461670e-01
2.169300019741058350e-01
2.229683250188827515e-01
1.712887287139892578e-01
2.623249590396881104e-01
2.332742959260940552e-01
2.505887746810913086e-01
2.284645885229110718e-01
2.426787614822387695e-01
5.356532931327819824e-01
2.262211441993713379e-01
2.362836152315139771e-01
2.460595220327377319e-01
2.345117181539535522e-01
2.172199040651321411e-01
3.094660937786102295e-01
2.438022792339324951e-01
2.371749877929687500e-01
2.444636821746826172e-01
2.858623564243316650e-01
2.441232651472091675e-01
2.051403820514678955e-01
2.398149073123931885e-01
2.598859369754791260e-01
2.333636581897735596e-01
2.326685190200805664e-01
2.508873045444488525e-01
1.518529951572418213e-01
2.777722775936126709e-01
2.290092855691909790e-01
2.502042353153228760e-01
2.243142575025558472e-01
2.361479550600051880e-01
2.319728732109069824e-01
2.613233923912048340e-01
2.445148676633834839e-01
2.003111690282821655e-01
2.862766981124877930e-01
2.781260907649993896e-01
3.382479548454284668e-01
3.465581834316253662e-01
2.359446883201599121e-01
2.264173924922943115e-01
2.459536045789718628e-01
2.006053030490875244e-01
2.105200886726379395e-01
2.898979783058166504e-01
2.613866031169891357e-01
2.222804725170135498e-01
2.656386196613311768e-01
2.284357398748397827e-01
2.683194279670715332e-01
2.827319800853729248e-01
3.165496289730072021e-01
2.496590167284011841e-01
2.014384120702743530e-01
2.369667142629623413e-01
1.492014974355697632e-01
2.760799229145050049e-01
2.490613758563995361e-01
2.498814016580581665e-01
2.104847878217697144e-01
2.317111939191818237e-01
2.427526712417602539e-01
2.383850365877151489e-01
2.526830136775970459e-01
2.497393786907196045e-01
2.526191174983978271e-01
2.063850164413452148e-01
2.808186113834381104e-01
2.223518639802932739e-01
2.210733592510223389e-01
2.106202393770217896e-01
2.497443258762359619e-01
2.228720784187316895e-01
2.280633896589279175e-01
2.961450517177581787e-01
2.235166132450103760e-01
1.676232665777206421e-01
2.671196758747100830e-01
1.983188539743423462e-01
2.275663912296295166e-01
2.989434599876403809e-01
2.632222473621368408e-01
2.206570208072662354e-01
2.750138640403747559e-01
2.037465423345565796e-01
1.999205946922302246e-01
2.467805445194244385e-01
1.996376812458038330e-01
2.951876223087310791e-01
2.320106625556945801e-01
2.696239352226257324e-01
2.453925907611846924e-01
1.663994491100311279e-01
2.184784710407257080e-01
2.364621311426162720e-01
2.521500885486602783e-01
2.250072360038757324e-01
2.056740373373031616e-01
2.075852900743484497e-01
2.614083290100097656e-01
2.054292559623718262e-01
2.525309324264526367e-01
3.679780364036560059e-01
2.175408154726028442e-01
2.286519408226013184e-01
2.602348029613494873e-01
2.633178830146789551e-01
2.034198045730590820e-01
2.699883282184600830e-01
1.843062490224838257e-01
2.074221819639205933e-01
3.343833088874816895e-01
3.253478109836578369e-01
2.772945165634155273e-01
2.849355340003967285e-01
2.663759589195251465e-01
2.629455626010894775e-01
2.154058665037155151e-01
2.238235026597976685e-01
2.273521572351455688e-01
2.216679304838180542e-01
2.395015209913253784e-01
2.784356176853179932e-01
2.812969684600830078e-01
2.182823866605758667e-01
2.176295518875122070e-01
2.200367152690887451e-01
2.785325050354003906e-01
1.841180175542831421e-01
2.079235315322875977e-01
2.196354269981384277e-01
2.548780441284179688e-01
2.433214932680130005e-01
2.458823025226593018e-01
2.512244880199432373e-01
2.630811035633087158e-01
2.421584874391555786e-01
2.345999032258987427e-01
2.140428870916366577e-01
1.848771721124649048e-01
2.195067852735519409e-01
2.314405888319015503e-01
2.219523489475250244e-01
2.454414516687393188e-01
2.704451978206634521e-01
1.942003667354583740e-01
2.316128760576248169e-01
2.539100646972656250e-01
2.141972184181213379e-01
2.098057717084884644e-01
2.433018982410430908e-01
2.972957193851470947e-01
2.468182742595672607e-01
2.072983682155609131e-01
2.437949329614639282e-01
2.371250092983245850e-01
2.220066189765930176e-01
2.494045346975326538e-01
2.607965469360351562e-01
2.512478232383728027e-01
2.895501255989074707e-01
2.213694304227828979e-01
2.670969367027282715e-01
2.384624779224395752e-01
2.398570626974105835e-01
1.759614795446395874e-01
1.925161331892013550e-01
2.345340996980667114e-01
2.344190031290054321e-01
2.199302017688751221e-01
2.223249077796936035e-01
2.229832112789154053e-01
2.155252993106842041e-01
2.751979827880859375e-01
1.997948437929153442e-01
2.397121489048004150e-01
2.326466292142868042e-01
2.531277239322662354e-01
2.406141161918640137e-01
2.642937302589416504e-01
2.053433805704116821e-01
2.044515609741210938e-01
2.166600674390792847e-01
2.193130552768707275e-01
3.704528212547302246e-01
2.012208402156829834e-01
2.249870151281356812e-01
2.205312103033065796e-01
2.729009389877319336e-01
2.505059540271759033e-01
2.703248262405395508e-01
2.607584297657012939e-01
2.002770006656646729e-01
2.180383056402206421e-01
2.192888706922531128e-01
1.891916096210479736e-01
2.430824786424636841e-01
2.290257215499877930e-01
2.421228289604187012e-01
2.334210425615310669e-01
2.027917504310607910e-01
2.243239432573318481e-01
2.442544400691986084e-01
2.116856127977371216e-01
2.054128944873809814e-01
2.955525219440460205e-01
3.407928347587585449e-01
3.241849243640899658e-01
2.795774638652801514e-01
2.320757359266281128e-01
2.218181341886520386e-01
2.135005891323089600e-01
2.159455567598342896e-01
2.578005790710449219e-01
2.044728398323059082e-01
2.309693396091461182e-01
2.116061449050903320e-01
2.196333557367324829e-01
2.781560122966766357e-01
2.442262470722198486e-01
2.280870825052261353e-01
2.461014240980148315e-01
1.917583048343658447e-01
2.417205572128295898e-01
2.345792204141616821e-01
1.829525083303451538e-01
2.614394724369049072e-01
1.858517974615097046e-01
2.287676036357879639e-01
2.655316889286041260e-01
2.287855148315429688e-01
2.401546984910964966e-01
2.271590083837509155e-01
2.230629473924636841e-01
2.111362814903259277e-01
2.855704128742218018e-01
2.194959074258804321e-01
1.942610889673233032e-01
2.442436069250106812e-01
2.097755372524261475e-01
2.845416963100433350e-01
1.964525431394577026e-01
2.211316376924514771e-01
2.224930524826049805e-01
2.881162464618682861e-01
1.456405073404312134e-01
2.179506719112396240e-01
2.174935340881347656e-01
2.111812978982925415e-01
2.624195516109466553e-01
2.167094200849533081e-01
2.025689929723739624e-01
2.205139696598052979e-01
1.908173263072967529e-01
2.015655189752578735e-01
1.998293101787567139e-01
2.310486733913421631e-01
1.944084763526916504e-01
2.262623310089111328e-01
2.574955523014068604e-01
2.092285603284835815e-01
2.472821176052093506e-01
2.516962587833404541e-01
2.241006791591644287e-01
2.116934359073638916e-01
2.345184981822967529e-01
1.963701844215393066e-01
2.164245396852493286e-01
1.936505436897277832e-01
1.886577308177947998e-01
1.943598687648773193e-01
1.976530700922012329e-01
2.205321490764617920e-01
2.826007902622222900e-01
1.968301832675933838e-01
2.249645143747329712e-01
2.003192752599716187e-01
2.157513648271560669e-01
2.183808684349060059e-01
2.825989723205566406e-01
1.711883544921875000e-01
2.098892927169799805e-01
1.886233240365982056e-01
2.225263565778732300e-01
2.134302854537963867e-01
2.709951698780059814e-01
2.243643701076507568e-01
2.657021880149841309e-01
1.968388259410858154e-01
1.841484010219573975e-01
1.844415962696075439e-01
1.918389797210693359e-01
1.815264672040939331e-01
1.748127788305282593e-01
2.047151327133178711e-01
1.949679404497146606e-01
1.768257319927215576e-01
1.914860755205154419e-01
4.536995291709899902e-01
2.822404503822326660e-01
2.819414734840393066e-01
3.411468565464019775e-01
2.121273726224899292e-01
2.850984632968902588e-01
2.413008958101272583e-01
2.397897988557815552e-01
2.220738381147384644e-01
2.195573896169662476e-01
1.939272135496139526e-01
1.539846658706665039e-01
1.873371303081512451e-01
1.956605762243270874e-01
2.267659753561019897e-01
2.248033136129379272e-01
1.602583527565002441e-01
1.844323128461837769e-01
2.120887488126754761e-01
2.349956333637237549e-01
2.103681117296218872e-01
1.902302801609039307e-01
2.009681165218353271e-01
2.243603914976119995e-01
2.034971266984939575e-01
2.384414821863174438e-01
2.225479334592819214e-01
2.406075298786163330e-01
2.035844326019287109e-01
2.200679779052734375e-01
2.166963219642639160e-01
2.276445925235748291e-01
2.034749090671539307e-01
1.946633309125900269e-01
3.002774715423583984e-01
2.529991865158081055e-01
2.424435317516326904e-01
2.262197285890579224e-01
2.323333472013473511e-01
1.862894743680953979e-01
2.133168578147888184e-01
2.390218228101730347e-01
2.713568508625030518e-01
2.691496312618255615e-01
3.042542040348052979e-01
4.187554419040679932e-01
4.648686945438385010e-01
3.583922982215881348e-01
3.329459726810455322e-01
2.248312979936599731e-01
2.423204034566879272e-01
1.981155276298522949e-01
2.038415521383285522e-01
3.034474849700927734e-01
2.658863961696624756e-01
2.515736818313598633e-01
2.555277347564697266e-01
2.413989454507827759e-01
2.554461061954498291e-01
2.480619847774505615e-01
2.163910418748855591e-01
2.738509476184844971e-01
2.466607540845870972e-01
2.679455280303955078e-01
2.189833074808120728e-01
2.421282529830932617e-01
2.525411248207092285e-01
2.635714411735534668e-01
3.723264336585998535e-01
2.199812382459640503e-01
3.051237761974334717e-01
2.367602139711380005e-01
1.865296959877014160e-01
1.782085746526718140e-01
1.787311881780624390e-01
1.813366562128067017e-01
1.911849677562713623e-01
2.013190686702728271e-01
2.281238883733749390e-01
2.534047067165374756e-01
2.190144062042236328e-01
2.339659333229064941e-01
2.414706647396087646e-01
1.911112815141677856e-01
2.190596163272857666e-01
1.932423263788223267e-01
2.195068001747131348e-01
2.193509042263031006e-01
2.206055074930191040e-01
2.379845827817916870e-01
2.325283437967300415e-01
2.083587497472763062e-01
2.090571969747543335e-01
2.255548238754272461e-01
2.277657091617584229e-01
1.911930292844772339e-01
1.979281157255172729e-01
1.799111813306808472e-01
2.132244259119033813e-01
2.253764122724533081e-01
3.198039829730987549e-01
1.905039846897125244e-01
2.206809222698211670e-01
2.214738130569458008e-01
2.152749598026275635e-01
1.948405653238296509e-01
2.112371474504470825e-01
2.058696299791336060e-01
2.075892984867095947e-01
1.898820549249649048e-01
1.921624690294265747e-01
1.753571480512619019e-01
1.843900978565216064e-01
2.345902621746063232e-01
2.545957565307617188e-01
2.006952613592147827e-01
2.066061794757843018e-01
2.225389331579208374e-01
2.103605866432189941e-01
2.130431830883026123e-01
1.547002643346786499e-01
1.672153919935226440e-01
2.376170605421066284e-01
1.670216321945190430e-01
1.835087984800338745e-01
1.834228038787841797e-01
2.067546844482421875e-01
2.528456151485443115e-01
2.110170722007751465e-01
1.915862113237380981e-01
1.805292069911956787e-01
1.739615648984909058e-01
1.823631078004837036e-01
1.766422539949417114e-01
1.696363538503646851e-01
2.157361954450607300e-01
1.989805549383163452e-01
1.836595535278320312e-01
1.771780848503112793e-01
1.550486534833908081e-01
2.127756774425506592e-01
1.911526620388031006e-01
2.171356528997421265e-01
1.987719088792800903e-01
1.656813472509384155e-01
1.569447368383407593e-01
1.741595566272735596e-01
1.826218962669372559e-01
1.877324432134628296e-01
1.972077339887619019e-01
2.144076824188232422e-01
1.856656372547149658e-01
2.142731696367263794e-01
1.735129505395889282e-01
2.286476492881774902e-01
2.010689526796340942e-01
1.619062423706054688e-01
1.904617398977279663e-01
1.797020286321640015e-01
1.861357837915420532e-01
1.488198488950729370e-01
1.889617592096328735e-01
1.718768328428268433e-01
3.484174013137817383e-01
2.112913578748703003e-01
2.283133119344711304e-01
2.099602371454238892e-01
2.037907987833023071e-01
2.077850997447967529e-01
1.971219033002853394e-01
1.884928345680236816e-01
1.953719109296798706e-01
2.020485848188400269e-01
2.398991435766220093e-01
1.756245195865631104e-01
2.079415321350097656e-01
2.051509916782379150e-01
2.227566689252853394e-01
1.853330582380294800e-01
2.041641622781753540e-01
1.726613044738769531e-01
1.655066311359405518e-01
1.740776151418685913e-01
2.008490860462188721e-01
1.613947153091430664e-01
1.858807951211929321e-01
1.842637360095977783e-01
1.958593130111694336e-01
1.861977726221084595e-01
2.073168754577636719e-01
1.790043115615844727e-01
1.959864199161529541e-01
2.030637115240097046e-01
2.228021174669265747e-01
2.223036289215087891e-01
2.021790593862533569e-01
2.160701155662536621e-01
3.691259622573852539e-01
1.735644638538360596e-01
1.568712443113327026e-01
1.845448017120361328e-01
1.992357075214385986e-01
2.516530156135559082e-01
1.620114892721176147e-01
1.583518832921981812e-01
1.887935698032379150e-01
2.036308050155639648e-01
1.861769556999206543e-01
1.702042520046234131e-01
1.795911788940429688e-01
1.727203577756881714e-01
1.839900761842727661e-01
1.863993555307388306e-01
1.969650536775588989e-01
2.124782204627990723e-01
1.907251179218292236e-01
1.764167398214340210e-01
2.059191912412643433e-01
1.951826661825180054e-01
1.698410511016845703e-01
2.153003066778182983e-01
1.932735890150070190e-01
1.938352584838867188e-01
1.782423257827758789e-01
1.584482491016387939e-01
1.886783242225646973e-01
1.855467557907104492e-01
1.794085800647735596e-01
1.806787252426147461e-01
1.966758221387863159e-01
1.944240331649780273e-01
1.642493903636932373e-01
1.814907938241958618e-01
2.113033086061477661e-01
2.037687599658966064e-01
1.974292248487472534e-01
2.033226042985916138e-01
1.987396329641342163e-01
2.083773463964462280e-01
1.788754612207412720e-01
1.724376380443572998e-01
1.927944570779800415e-01
1.828375607728958130e-01
1.990627199411392212e-01
1.998879611492156982e-01
1.795043796300888062e-01
1.667051166296005249e-01
1.850666254758834839e-01
2.062930911779403687e-01
1.764456778764724731e-01
1.732517927885055542e-01
1.725722700357437134e-01
1.965911090373992920e-01
1.550651043653488159e-01
1.446576714515686035e-01
1.572291702032089233e-01
1.867879033088684082e-01
1.673436611890792847e-01
1.561793237924575806e-01
1.974307447671890259e-01
1.769882589578628540e-01
1.746442317962646484e-01
1.767049580812454224e-01
1.669696867465972900e-01
1.311557143926620483e-01
1.764200478792190552e-01
1.698247641324996948e-01
1.652638763189315796e-01
1.667947471141815186e-01
1.679428666830062866e-01
1.767827272415161133e-01
1.554198861122131348e-01
1.706208139657974243e-01
4.088073968887329102e-01
1.104737401008605957e+00
3.391056358814239502e-01
3.218138217926025391e-01
2.714727520942687988e-01
2.277377396821975708e-01
2.532520592212677002e-01
2.294964939355850220e-01
2.103353589773178101e-01
1.890325546264648438e-01
2.133099883794784546e-01
2.231741994619369507e-01
1.899996995925903320e-01
1.927492171525955200e-01
2.340597957372665405e-01
2.091779559850692749e-01
1.898893862962722778e-01
1.947451233863830566e-01
1.862458437681198120e-01
1.894572824239730835e-01
1.914204061031341553e-01
2.973925471305847168e-01
1.880324780941009521e-01
2.107965797185897827e-01
1.794935464859008789e-01
1.829681992530822754e-01
2.285930961370468140e-01
2.267853617668151855e-01
2.013532072305679321e-01
2.021347880363464355e-01
1.834555268287658691e-01
1.452821344137191772e-01
2.136804610490798950e-01
2.096561640501022339e-01
2.376518398523330688e-01
1.656462848186492920e-01
1.874616295099258423e-01
2.082420140504837036e-01
1.793332248926162720e-01
1.796214431524276733e-01
1.806413084268569946e-01
1.984660476446151733e-01
2.061523944139480591e-01
1.808133870363235474e-01
2.133363783359527588e-01
1.828188598155975342e-01
1.633964031934738159e-01
1.694106161594390869e-01
1.789656430482864380e-01
1.849549114704132080e-01
1.854202002286911011e-01
1.876919567584991455e-01
1.650849729776382446e-01
1.770640462636947632e-01
1.743110865354537964e-01
1.800970882177352905e-01
2.340631783008575439e-01
2.310187369585037231e-01
1.673691272735595703e-01
1.698420047760009766e-01
1.838036477565765381e-01
1.614237874746322632e-01
1.821348220109939575e-01
1.854575723409652710e-01
1.726503074169158936e-01
1.592923402786254883e-01
1.636707037687301636e-01
1.504938900470733643e-01
2.084279954433441162e-01
1.666936874389648438e-01
1.606071144342422485e-01
1.677950769662857056e-01
1.816038191318511963e-01
1.602250784635543823e-01
1.680137068033218384e-01
1.495217829942703247e-01
1.878428459167480469e-01
1.851429492235183716e-01
1.814834922552108765e-01
1.532584875822067261e-01
1.584045439958572388e-01
1.844039261341094971e-01
1.330474913120269775e-01
1.604262292385101318e-01
1.566228866577148438e-01
1.596608906984329224e-01
1.424041241407394409e-01
1.466684043407440186e-01
2.048544585704803467e-01
1.979101449251174927e-01
1.939142793416976929e-01
1.720213890075683594e-01
1.350424885749816895e-01
1.596430540084838867e-01
1.273868680000305176e-01
1.420534253120422363e-01
1.518849283456802368e-01
1.900466829538345337e-01
1.470252722501754761e-01
1.575909107923507690e-01
1.197132468223571777e-01
1.422689110040664673e-01
1.284426152706146240e-01
1.808000802993774414e-01
1.686203926801681519e-01
1.595430374145507812e-01
1.417543441057205200e-01
1.005930677056312561e-01
1.584676057100296021e-01
1.550712287425994873e-01
1.333705484867095947e-01
1.416848301887512207e-01
1.488534808158874512e-01
1.434458494186401367e-01
1.427563875913619995e-01
1.373989582061767578e-01
2.018609791994094849e-01
1.657419949769973755e-01
1.309788078069686890e-01
1.327129602432250977e-01
1.388546377420425415e-01
1.539309471845626831e-01
1.791976094245910645e-01
1.977712363004684448e-01
1.620685607194900513e-01
1.531752496957778931e-01
1.526795923709869385e-01
1.297720074653625488e-01
1.289016753435134888e-01
1.569231897592544556e-01
1.974320560693740845e-01
1.629192382097244263e-01
1.451033502817153931e-01
1.636176109313964844e-01
1.560336351394653320e-01
1.889561861753463745e-01
1.817684918642044067e-01
1.639985740184783936e-01
1.754739731550216675e-01
1.456944942474365234e-01
1.398051381111145020e-01
1.379705369472503662e-01
1.608509868383407593e-01
1.854603737592697144e-01
1.605574637651443481e-01
1.805281341075897217e-01
1.634159088134765625e-01
1.302458494901657104e-01
1.624674797058105469e-01
2.032857239246368408e-01
1.627637594938278198e-01
1.877334266901016235e-01
1.611368209123611450e-01
1.656607538461685181e-01
1.970050483942031860e-01
1.554738730192184448e-01
1.750937402248382568e-01
1.920697987079620361e-01
1.432856023311614990e-01
1.703049242496490479e-01
1.613665521144866943e-01
1.523917168378829956e-01
1.642529815435409546e-01
1.945459395647048950e-01
1.815817803144454956e-01
1.526019871234893799e-01
1.649278253316879272e-01
1.410023719072341919e-01
1.565781831741333008e-01
1.441695392131805420e-01
1.276344060897827148e-01
1.653243154287338257e-01
1.464947611093521118e-01
1.450988948345184326e-01
1.497885733842849731e-01
1.344889849424362183e-01
1.960030943155288696e-01
1.150784492492675781e-01
2.387442886829376221e-01
1.789203733205795288e-01
2.040469348430633545e-01
1.946248114109039307e-01
1.493809968233108521e-01
1.415700167417526245e-01
1.266090422868728638e-01
1.454681605100631714e-01
1.652448773384094238e-01
1.506661027669906616e-01
1.498951762914657593e-01
1.570999473333358765e-01
1.625244468450546265e-01
1.494133621454238892e-01
1.642953306436538696e-01
1.831532716751098633e-01
1.377565264701843262e-01
1.477157771587371826e-01
1.526047587394714355e-01
1.535645127296447754e-01
1.596780270338058472e-01
1.405574977397918701e-01
1.473984420299530029e-01
1.431149244308471680e-01
1.846113353967666626e-01
1.237830445170402527e-01
1.415492147207260132e-01
1.328215897083282471e-01
1.707655042409896851e-01
1.346928030252456665e-01
1.556960493326187134e-01
1.402225196361541748e-01
1.707650423049926758e-01
1.329745352268218994e-01
1.651910096406936646e-01
1.438667625188827515e-01
1.128354296088218689e-01
1.218217760324478149e-01
1.285272538661956787e-01
1.329529881477355957e-01
1.536058485507965088e-01
1.487930864095687866e-01
1.599019616842269897e-01
1.526184678077697754e-01
1.451033353805541992e-01
1.472151577472686768e-01
1.469680666923522949e-01
1.395646482706069946e-01
1.674625873565673828e-01
1.412615180015563965e-01
1.862659305334091187e-01
1.235428974032402039e-01
1.629853397607803345e-01
1.407821178436279297e-01
1.568745821714401245e-01
1.419417709112167358e-01
1.441010832786560059e-01
1.632397919893264771e-01
1.333414763212203979e-01
1.611026525497436523e-01
1.719225496053695679e-01
1.295336037874221802e-01
1.574413925409317017e-01
1.705118715763092041e-01
1.677419394254684448e-01
1.365225762128829956e-01
1.646583080291748047e-01
1.832416951656341553e-01
1.841660439968109131e-01
1.569521427154541016e-01
1.536937803030014038e-01
1.596417576074600220e-01
1.436530053615570068e-01
1.225503161549568176e-01
1.636595427989959717e-01
1.862126439809799194e-01
2.138443738222122192e-01
1.972921043634414673e-01
3.031103610992431641e-01
1.292965561151504517e-01
1.711586564779281616e-01
1.986869722604751587e-01
1.221735402941703796e-01
1.859796643257141113e-01
1.402352452278137207e-01
1.462446302175521851e-01
1.660361737012863159e-01
1.418922394514083862e-01
1.390977948904037476e-01
1.643163859844207764e-01
1.739656776189804077e-01
1.496735513210296631e-01
1.612003743648529053e-01
1.407966315746307373e-01
1.459695845842361450e-01
1.529262065887451172e-01
1.530127227306365967e-01
1.567154228687286377e-01
1.220219805836677551e-01
1.513627320528030396e-01
1.506666839122772217e-01
1.230594217777252197e-01
2.118001133203506470e-01
1.586273610591888428e-01
1.513860523700714111e-01
1.455082893371582031e-01
1.315040737390518188e-01
1.514218747615814209e-01
1.389385610818862915e-01
1.393418461084365845e-01
1.346565932035446167e-01
1.772218197584152222e-01
1.345262080430984497e-01
1.273952871561050415e-01
1.435484588146209717e-01
1.467235237360000610e-01
1.505779474973678589e-01
1.619746237993240356e-01
1.493835747241973877e-01
1.635872870683670044e-01
1.550468951463699341e-01
1.419277191162109375e-01
1.371394693851470947e-01
1.605680286884307861e-01
1.471699774265289307e-01
1.536162793636322021e-01
1.621474027633666992e-01
1.636063605546951294e-01
1.656467020511627197e-01
1.788582950830459595e-01
1.870426088571548462e-01
1.345175355672836304e-01
1.689430773258209229e-01
1.401140540838241577e-01
1.372507959604263306e-01
1.289517730474472046e-01
1.740509122610092163e-01
1.295895576477050781e-01
1.344002336263656616e-01
1.308252513408660889e-01
1.562068313360214233e-01
1.459385752677917480e-01
1.422282755374908447e-01
1.558863818645477295e-01
1.482796072959899902e-01
1.224486306309700012e-01
1.802838593721389771e-01
1.366906911134719849e-01
1.204992681741714478e-01
1.247948482632637024e-01
1.435687988996505737e-01
1.372556537389755249e-01
2.470640093088150024e-01
1.851924359798431396e-01
2.240046411752700806e-01
1.677547395229339600e-01
1.764027178287506104e-01
1.776799261569976807e-01
2.254933118820190430e-01
1.346408426761627197e-01
1.943274289369583130e-01
1.998027265071868896e-01
2.631225585937500000e-01
1.758028566837310791e-01
1.347233653068542480e-01
1.420499831438064575e-01
1.466988027095794678e-01
1.617896705865859985e-01
1.331635564565658569e-01
1.532644182443618774e-01
1.459158807992935181e-01
1.247827932238578796e-01
1.290659755468368530e-01
1.514596343040466309e-01
1.383676230907440186e-01
1.348721534013748169e-01
1.761889755725860596e-01
1.803985387086868286e-01
1.427525132894515991e-01
1.369237601757049561e-01
1.493802517652511597e-01
1.656170040369033813e-01
1.270721405744552612e-01
1.697235554456710815e-01
1.317783147096633911e-01
1.453030407428741455e-01
1.691470891237258911e-01
1.603494733572006226e-01
2.145006954669952393e-01
1.699972301721572876e-01
1.908312439918518066e-01
1.443586349487304688e-01
1.770778894424438477e-01
1.576535999774932861e-01
1.634506434202194214e-01
1.527199447154998779e-01
1.546773016452789307e-01
1.707347929477691650e-01
1.949885785579681396e-01
1.668904721736907959e-01
1.904616355895996094e-01
1.882272064685821533e-01
2.394443154335021973e-01
2.118319869041442871e-01
1.829190105199813843e-01
1.993654519319534302e-01
1.576709151268005371e-01
1.329420059919357300e-01
1.463124454021453857e-01
1.924268454313278198e-01
1.939162015914916992e-01
1.828394681215286255e-01
1.826024204492568970e-01
1.515264660120010376e-01
2.106487005949020386e-01
1.674778163433074951e-01
1.760964244604110718e-01
1.720221191644668579e-01
1.571835130453109741e-01
1.872442811727523804e-01
1.983279287815093994e-01
1.683850437402725220e-01
1.953756809234619141e-01
1.657757461071014404e-01
1.864472627639770508e-01
1.519313305616378784e-01
1.886023432016372681e-01
1.989562362432479858e-01
1.516620814800262451e-01
1.892177015542984009e-01
1.875202506780624390e-01
1.796021610498428345e-01
2.590902149677276611e-01
1.656091660261154175e-01
2.303122133016586304e-01
1.779706925153732300e-01
1.732626706361770630e-01
1.728416085243225098e-01
1.687202453613281250e-01
1.732374727725982666e-01
1.720073819160461426e-01
1.847847849130630493e-01
1.849694550037384033e-01
1.888428032398223877e-01
1.891514658927917480e-01
1.813795417547225952e-01
1.899909228086471558e-01
1.817642599344253540e-01
2.016008198261260986e-01
2.076169699430465698e-01
1.966653019189834595e-01
1.825256198644638062e-01
1.625933498144149780e-01
1.591879129409790039e-01
1.714551895856857300e-01
1.829693019390106201e-01
1.750587522983551025e-01
1.610923558473587036e-01
1.695037484169006348e-01
1.502917855978012085e-01
1.629377454519271851e-01
1.641757190227508545e-01
1.672581881284713745e-01
1.680158525705337524e-01
1.661058813333511353e-01
1.551417410373687744e-01
1.657033115625381470e-01
1.688961237668991089e-01
1.665164381265640259e-01
1.544420719146728516e-01
1.688439249992370605e-01
1.959853023290634155e-01
1.580890864133834839e-01
1.797357350587844849e-01
1.659979373216629028e-01
1.943872421979904175e-01
1.755316406488418579e-01
1.774330288171768188e-01
1.690384298563003540e-01
1.782273203134536743e-01
1.764582246541976929e-01
1.782018244266510010e-01
1.643994301557540894e-01
1.640058457851409912e-01
1.663638800382614136e-01
1.711209714412689209e-01
1.698615849018096924e-01
1.768855303525924683e-01
1.684588342905044556e-01
1.774211376905441284e-01
2.657988369464874268e-01
2.063413113355636597e-01
1.786922067403793335e-01
1.677449196577072144e-01
1.568736433982849121e-01
2.049680203199386597e-01
1.890178024768829346e-01
1.861954033374786377e-01
1.890583783388137817e-01
1.951449513435363770e-01
1.666882783174514771e-01
1.733028292655944824e-01
1.850214004516601562e-01
1.656456887722015381e-01
1.939415484666824341e-01
1.727051138877868652e-01
1.730574518442153931e-01
2.139862179756164551e-01
1.620331704616546631e-01
1.742260605096817017e-01
1.749483495950698853e-01
1.627540141344070435e-01
1.751792728900909424e-01
1.625974327325820923e-01
1.679013371467590332e-01
1.665837764739990234e-01
1.553874164819717407e-01
1.529186069965362549e-01
1.684984266757965088e-01
1.709003597497940063e-01
1.486881822347640991e-01
1.621652245521545410e-01
1.591932624578475952e-01
2.193660140037536621e-01
2.014883160591125488e-01
1.682958304882049561e-01
1.570948958396911621e-01
1.799614429473876953e-01
1.680203378200531006e-01
1.692297458648681641e-01
1.545664221048355103e-01
1.515087038278579712e-01
1.730493754148483276e-01
1.791657656431198120e-01
1.499031633138656616e-01
1.497657001018524170e-01
1.688568890094757080e-01
1.566576063632965088e-01
1.614693850278854370e-01
1.662028133869171143e-01
1.521813273429870605e-01
1.656210869550704956e-01
1.651438474655151367e-01
1.419303566217422485e-01
2.145240455865859985e-01
1.759344190359115601e-01
1.609719097614288330e-01
1.663910299539566040e-01
1.769103258848190308e-01
1.672530025243759155e-01
1.769250035285949707e-01
1.713672280311584473e-01
1.465246528387069702e-01
1.725718379020690918e-01
1.747668683528900146e-01
1.627096831798553467e-01
1.397951394319534302e-01
1.603724956512451172e-01
1.615681350231170654e-01
1.641613692045211792e-01
1.506552547216415405e-01
1.676635593175888062e-01
1.481229960918426514e-01
1.475394219160079956e-01
1.403128504753112793e-01
1.551821976900100708e-01
1.612050235271453857e-01
1.490779668092727661e-01
1.607386916875839233e-01
1.680326908826828003e-01
1.568453609943389893e-01
1.510574817657470703e-01
1.548255383968353271e-01
1.448241621255874634e-01
1.510669738054275513e-01
1.503114104270935059e-01
1.577685773372650146e-01
1.577592045068740845e-01
1.514086276292800903e-01
1.594209969043731689e-01
1.636369675397872925e-01
1.748945415019989014e-01
1.440725177526473999e-01
1.639859378337860107e-01
1.782619804143905640e-01
1.666941642761230469e-01
1.519810110330581665e-01
1.493710428476333618e-01
1.518929600715637207e-01
1.612752228975296021e-01
1.780569106340408325e-01
1.803702861070632935e-01
1.388561874628067017e-01
2.158495187759399414e-01
2.095737457275390625e-01
1.753083169460296631e-01
1.862566322088241577e-01
1.745958030223846436e-01
1.550919562578201294e-01
1.548113524913787842e-01
1.583947688341140747e-01
1.793306022882461548e-01
1.591182351112365723e-01
1.489157378673553467e-01
1.584137529134750366e-01
2.684051394462585449e-01
1.614547967910766602e-01
1.719226688146591187e-01
1.447125077247619629e-01
1.493453085422515869e-01
1.571075618267059326e-01
1.576603502035140991e-01
1.538977324962615967e-01
1.650576442480087280e-01
1.573382019996643066e-01
1.556650698184967041e-01
1.691458672285079956e-01
1.553104221820831299e-01
1.635139435529708862e-01
1.658707559108734131e-01
2.202438116073608398e-01
1.629395782947540283e-01
1.792711019515991211e-01
1.572068035602569580e-01
1.406371742486953735e-01
1.551008373498916626e-01
1.503457576036453247e-01
1.551898568868637085e-01
1.462441831827163696e-01
1.530371010303497314e-01
1.800882965326309204e-01
1.975796967744827271e-01
1.788236945867538452e-01
1.387088000774383545e-01
1.378502994775772095e-01
1.969059556722640991e-01
1.451849788427352905e-01
1.736305505037307739e-01
1.364149749279022217e-01
1.492175757884979248e-01
1.608767509460449219e-01
1.504015922546386719e-01
1.398732513189315796e-01
1.897478997707366943e-01
1.470437049865722656e-01
1.595469564199447632e-01
1.585931777954101562e-01
1.853833794593811035e-01
1.692794412374496460e-01
1.508960872888565063e-01
1.595673561096191406e-01
1.770390272140502930e-01
1.719931960105895996e-01
1.538683474063873291e-01
1.560796946287155151e-01
1.432834863662719727e-01
1.735235303640365601e-01
1.544052958488464355e-01
1.570138037204742432e-01
1.369342058897018433e-01
1.617166846990585327e-01
1.602873057126998901e-01
1.639075428247451782e-01
1.406074166297912598e-01
1.535617113113403320e-01
1.498008072376251221e-01
1.466276794672012329e-01
1.342984586954116821e-01
1.570138037204742432e-01
1.550071686506271362e-01
1.819310337305068970e-01
1.561293601989746094e-01
1.505775600671768188e-01
1.657830923795700073e-01
1.656920164823532104e-01
1.861308515071868896e-01
1.603432744741439819e-01
1.418055593967437744e-01
1.574891060590744019e-01
1.609703302383422852e-01
1.700224280357360840e-01
1.579529345035552979e-01
1.469377428293228149e-01
1.457322537899017334e-01
1.760950386524200439e-01
1.601128727197647095e-01
1.585477292537689209e-01
1.388149857521057129e-01
1.275077760219573975e-01
1.371072232723236084e-01
1.274798065423965454e-01
1.280279904603958130e-01
1.399873048067092896e-01
1.400227546691894531e-01
1.362329721450805664e-01
1.200743392109870911e-01
1.114515066146850586e-01
1.215565726161003113e-01
1.275648176670074463e-01
1.453647613525390625e-01
1.336456686258316040e-01
1.323503553867340088e-01
1.624265611171722412e-01
1.211988031864166260e-01
1.481052935123443604e-01
1.352376937866210938e-01
1.257583945989608765e-01
1.217010319232940674e-01
1.370352208614349365e-01
1.418198943138122559e-01
1.206465065479278564e-01
1.402485221624374390e-01
1.222625374794006348e-01
1.285476535558700562e-01
1.279349178075790405e-01
1.298921704292297363e-01
1.271698325872421265e-01
1.147122159600257874e-01
1.155302003026008606e-01
1.238274425268173218e-01
1.276241987943649292e-01
1.134052574634552002e-01
1.070448681712150574e-01
1.291797459125518799e-01
1.102570593357086182e-01
1.464193016290664673e-01
1.196693927049636841e-01
1.375717520713806152e-01
1.442856788635253906e-01
1.151142939925193787e-01
1.364813297986984253e-01
1.126817539334297180e-01
9.874332696199417114e-02
1.074547693133354187e-01
1.189983487129211426e-01
1.034476906061172485e-01
1.348705142736434937e-01
1.018118038773536682e-01
1.149975880980491638e-01
1.237959191203117371e-01
1.309715956449508667e-01
1.427045166492462158e-01
1.393865495920181274e-01
1.112539023160934448e-01
1.163489520549774170e-01
1.241428330540657043e-01
1.070123985409736633e-01
1.178465634584426880e-01
1.316813230514526367e-01
1.037879213690757751e-01
1.148283630609512329e-01
1.057310104370117188e-01
1.066733673214912415e-01
1.132676526904106140e-01
9.981054067611694336e-02
1.155887916684150696e-01
1.087756678462028503e-01
1.125253736972808838e-01
9.931482374668121338e-02
9.719832986593246460e-02
1.102636530995368958e-01
9.766839444637298584e-02
1.253432929515838623e-01
2.056338042020797729e-01
1.037721708416938782e-01
1.177419051527976990e-01
1.198833733797073364e-01
9.712494909763336182e-02
1.115267202258110046e-01
1.867918968200683594e-01
1.396183818578720093e-01
2.081821262836456299e-01
1.443166434764862061e-01
1.231307536363601685e-01
1.371932029724121094e-01
1.345236301422119141e-01
1.355231702327728271e-01
1.185584887862205505e-01
1.239768713712692261e-01
1.255908608436584473e-01
1.164003759622573853e-01
1.113568767905235291e-01
1.112980768084526062e-01
1.161309331655502319e-01
1.448694914579391479e-01
1.260985583066940308e-01
1.328857690095901489e-01
1.184611096978187561e-01
1.220411658287048340e-01
1.229643896222114563e-01
1.288658380508422852e-01
1.165299341082572937e-01
1.041695028543472290e-01
1.055446639657020569e-01
1.076312288641929626e-01
1.012543216347694397e-01
1.085491329431533813e-01
1.083675175905227661e-01
9.470798820257186890e-02
1.058105304837226868e-01
1.111578866839408875e-01
1.210353597998619080e-01
1.272747516632080078e-01
1.105573400855064392e-01
1.216217130422592163e-01
1.408484131097793579e-01
1.090822294354438782e-01
1.285972595214843750e-01
1.133229061961174011e-01
9.684540331363677979e-02
1.056536957621574402e-01
1.098963320255279541e-01
1.084220856428146362e-01
1.056454703211784363e-01
9.348414093255996704e-02
1.080101728439331055e-01
1.028258353471755981e-01
1.123930737376213074e-01
1.175492033362388611e-01
1.053291484713554382e-01
1.132440641522407532e-01
9.962651878595352173e-02
9.744751453399658203e-02
8.642503619194030762e-02
9.934294223785400391e-02
1.054594442248344421e-01
1.027182787656784058e-01
1.039043962955474854e-01
1.325499415397644043e-01
9.355457127094268799e-02
1.008510142564773560e-01
1.332063376903533936e-01
1.223277598619461060e-01
1.112793460488319397e-01
1.137028336524963379e-01
9.987424314022064209e-02
8.011510223150253296e-02
9.857561439275741577e-02
9.457515180110931396e-02
1.163265705108642578e-01
9.882597625255584717e-02
8.295769989490509033e-02
1.082359328866004944e-01
1.035884171724319458e-01
1.008560210466384888e-01
1.179225519299507141e-01
1.259519159793853760e-01
1.056466400623321533e-01
1.060715615749359131e-01
1.308806389570236206e-01
8.929780870676040649e-02
9.928034245967864990e-02
1.182593479752540588e-01
1.039646044373512268e-01
1.067167073488235474e-01
1.091861799359321594e-01
1.154139935970306396e-01
1.258738785982131958e-01
1.237607821822166443e-01
1.091775372624397278e-01
1.128905788064002991e-01
9.909754991531372070e-02
1.058644503355026245e-01
1.159013509750366211e-01
9.833181649446487427e-02
1.068204268813133240e-01
9.362767636775970459e-02
9.402710944414138794e-02
9.344305098056793213e-02
8.803174644708633423e-02
1.075278148055076599e-01
9.849828481674194336e-02
1.127639114856719971e-01
8.851867914199829102e-02
1.045142039656639099e-01
9.060321003198623657e-02
1.049614846706390381e-01
1.130670309066772461e-01
1.089897453784942627e-01
1.033615022897720337e-01
1.156472787261009216e-01
1.019554957747459412e-01
1.024664416909217834e-01
1.192040666937828064e-01
1.314460486173629761e-01
1.181639954447746277e-01
1.148236915469169617e-01
1.097359359264373779e-01
1.139511913061141968e-01
1.002161726355552673e-01
1.025457158684730530e-01
9.194935113191604614e-02
1.062291562557220459e-01
8.218844980001449585e-02
8.836074173450469971e-02
1.020435467362403870e-01
1.020741984248161316e-01
9.705615788698196411e-02
1.001603156328201294e-01
1.063632369041442871e-01
1.076664179563522339e-01
1.089064031839370728e-01
1.086125746369361877e-01
9.624560922384262085e-02
9.228653460741043091e-02
1.064270883798599243e-01
8.772341161966323853e-02
1.070995405316352844e-01
9.924436360597610474e-02
1.027062982320785522e-01
1.043673232197761536e-01
9.292087703943252563e-02
9.543098509311676025e-02
1.090473458170890808e-01
1.133244186639785767e-01
1.101007312536239624e-01
1.138311475515365601e-01
1.096280142664909363e-01
1.006368622183799744e-01
1.122469529509544373e-01
1.007928773760795593e-01
1.029655933380126953e-01
1.263050734996795654e-01
8.884535729885101318e-02
9.091102331876754761e-02
1.000588238239288330e-01
9.960497915744781494e-02
1.062278002500534058e-01
1.045431643724441528e-01
1.119682565331459045e-01
1.035724356770515442e-01
1.015861034393310547e-01
1.132897064089775085e-01
1.186368390917778015e-01
1.129844337701797485e-01
1.188184842467308044e-01
8.573111146688461304e-02
1.086534634232521057e-01
1.391360014677047729e-01
1.164987087249755859e-01
1.977587640285491943e-01
1.014028117060661316e-01
1.006678566336631775e-01
9.157138317823410034e-02
1.071670502424240112e-01
1.140898466110229492e-01
1.241277158260345459e-01
1.128680631518363953e-01
1.288278549909591675e-01
1.161441355943679810e-01
1.085731461644172668e-01
1.033954843878746033e-01
1.024751141667366028e-01
1.111937835812568665e-01
1.072878390550613403e-01
1.104876250028610229e-01
1.092941164970397949e-01
1.123850643634796143e-01
9.379382431507110596e-02
9.164740890264511108e-02
9.218377619981765747e-02
9.679572284221649170e-02
8.120413869619369507e-02
9.975361078977584839e-02
9.055087715387344360e-02
9.623943269252777100e-02
1.003504917025566101e-01
8.320432156324386597e-02
1.138923242688179016e-01
9.742937982082366943e-02
1.043422296643257141e-01
9.073235094547271729e-02
9.298925846815109253e-02
8.214041590690612793e-02
1.276014298200607300e-01
1.127975434064865112e-01
1.030937656760215759e-01
9.872696548700332642e-02
9.447761625051498413e-02
9.087299555540084839e-02
1.052000299096107483e-01
1.034151539206504822e-01
9.688133001327514648e-02
1.397870928049087524e-01
1.046354696154594421e-01
1.205639988183975220e-01
1.012417525053024292e-01
1.241357252001762390e-01
1.129443943500518799e-01
1.201451942324638367e-01
1.246770396828651428e-01
1.067606136202812195e-01
1.083664447069168091e-01
1.058742254972457886e-01
1.108484342694282532e-01
1.158068403601646423e-01
1.094862669706344604e-01
1.189047098159790039e-01
1.090118810534477234e-01
1.140321195125579834e-01
1.077712401747703552e-01
9.512473642826080322e-02
9.606128185987472534e-02
1.235040500760078430e-01
1.022461801767349243e-01
1.182739511132240295e-01
1.048680990934371948e-01
1.014343425631523132e-01
1.008103415369987488e-01
9.170775860548019409e-02
9.836472570896148682e-02
1.112760528922080994e-01
1.089136302471160889e-01
9.853715449571609497e-02
1.051867306232452393e-01
1.315716803073883057e-01
1.095642000436782837e-01
1.212799698114395142e-01
1.178749203681945801e-01
1.256208568811416626e-01
1.175202056765556335e-01
1.037436425685882568e-01
1.024136617779731750e-01
1.039683967828750610e-01
1.025716289877891541e-01
9.692380577325820923e-02
1.145338863134384155e-01
1.053720042109489441e-01
1.192560940980911255e-01
1.057710349559783936e-01
1.065056025981903076e-01
1.083780080080032349e-01
1.159189417958259583e-01
9.853504598140716553e-02
1.094324365258216858e-01
1.096404790878295898e-01
1.256007701158523560e-01
1.103938743472099304e-01
1.286833733320236206e-01
9.309919178485870361e-02
1.086653396487236023e-01
1.438143104314804077e-01
1.194752007722854614e-01
1.137216314673423767e-01
1.137900203466415405e-01
1.220589354634284973e-01
1.120496317744255066e-01
1.006206646561622620e-01
1.087756976485252380e-01
1.004324629902839661e-01
1.270734965801239014e-01
9.871964156627655029e-02
1.214472353458404541e-01
1.016023531556129456e-01
1.240689978003501892e-01
1.179364174604415894e-01
2.059186995029449463e-01
1.421922594308853149e-01
1.162648573517799377e-01
1.142823398113250732e-01
1.099578291177749634e-01
1.550276130437850952e-01
1.109246909618377686e-01
1.224746480584144592e-01
1.013477668166160583e-01
1.787966489791870117e-01
1.149925664067268372e-01
1.175434291362762451e-01
1.070735529065132141e-01
1.660431325435638428e-01
1.200990900397300720e-01
1.188544780015945435e-01
1.206896081566810608e-01
1.262553930282592773e-01
1.182306706905364990e-01
1.545837223529815674e-01
1.891202330589294434e-01
1.264400780200958252e-01
1.100104898214340210e-01
9.856716543436050415e-02
1.019711121916770935e-01
1.439276337623596191e-01
1.324965655803680420e-01
8.633401989936828613e-02
8.996459841728210449e-02
